%YAML:1.0
---
camera_param:
  camera_matrix: !!opencv-matrix
    rows: 3
    cols: 3
    dt: d
    data: [ 1088.80878862, 0.00000000, 635.32875529,
            0.00000000, 1055.91165460, 343.32689197,
            0.00000000, 0.00000000, 1.00000000]
  camera_distortion: !!opencv-matrix
    rows: 1
    cols: 5
    dt: d
    data: [ -0.41379963,
            0.23677293,
            -0.00042179,
            -0.00037673,
            -0.09368701]