%YAML:1.0
---

K: !!opencv-matrix
   rows: 3
   cols: 3
   dt: d
   data: [ 1088.80878862, 0.00000000, 635.32875529,
            0.00000000, 1055.91165460, 343.32689197,
            0.00000000, 0.00000000, 1.00000000]
D: !!opencv-matrix
   rows: 5
   cols: 1
   dt: d
   data: [ -0.41379963,0.23677293,-0.00042179,-0.00037673,-0.09368701]

R: !!opencv-matrix
   rows: 3
   cols: 3
   dt: d
   data: [ 1.7636551056057215e-03, -9.9995839595794678e-01,
       8.9495722204446793e-03, -9.7496107220649719e-02,
       -9.0788919478654861e-03, -9.9519449472427368e-01,
       9.9523437023162842e-01, 8.8263151701539755e-04,
       -9.7508065402507782e-02 ]
T: !!opencv-matrix
   rows: 3
   cols: 1
   dt: d
   data: [ -1.7923839390277863e-01, -4.2518079280853271e-03,
       -6.1013888567686081e-02 ]

keypoint_num: 32

fixed_point:
  left_eyebrow_left: [6.825897, 6.760612, 4.402142]
  left_eyebrow_right: [1.330353, 7.122144, 6.903745]

  right_eyebrow_left: [-1.330353, 7.122144, 6.903745]
  right_eyebrow_right: [-6.825897, 6.760612, 4.402142]

  left_eye_left: [5.311432, 5.485328, 3.987654]
  left_eye_right: [1.789930, 5.393625, 4.413414]

  right_eye_left: [-1.789930, 5.393625, 4.413414]
  right_eye_right: [-5.311432, 5.485328, 3.987654]

  nose_upper: [0.000000, 5.40000, 5.0000] # 猜测
  nose_lower: [0.000000, 1.609845, 8.097667] # 猜测

  nose_left: [2.005628, 1.409845, 6.165652]
  nose_center: [0.000000, 1.209845, 6.365652] # 猜测
  nose_right: [-2.005628, 1.409845, 6.165652]

  lip_left: [2.774015, -2.080775, 5.048531]
  lip_right: [-2.774015, -2.080775, 5.048531]

  chin: [0.000000, -7.415691, 4.070434]

#16
moving_point:
  left_eyebrow_center: [4.078125, 8.760612, 5.903745]
  right_eyebrow_center: [-4.078125, 8.760612, 5.903745]

  left_eye_up1: [4.137598, 5.4394765, 4.987654]
  left_eye_up2: [2.963764, 5.4394765, 4.987654]
  left_eye_dn1: [4.137598, 5.4394765, 4.987654]
  left_eye_dn2: [2.963764, 5.4394765, 4.987654]

  right_eye_up2: [-4.137598, 5.4394765, 4.987654]
  right_eye_up1: [-2.963764, 5.4394765, 4.987654]
  right_eye_dn2: [-4.137598, 5.4394765, 4.987654]
  right_eye_dn1: [-2.963764, 5.4394765, 4.987654]

  lip_up1: [0.92467,  -2.080775, 6.097667]
  lip_up2: [0,        -2.080775, 6.097667]
  lip_up3: [-0.92467, -2.080775, 6.097667]

  lip_dn1: [0.92467,  -2.080775, 6.097667]
  lip_dn2: [0,        -2.080775, 6.097667]
  lip_dn3: [-0.92467, -2.080775, 6.097667]



